5.0000e-01,7.6093e-04
5.0767e-01,7.7408e-04
5.1547e-01,7.8743e-04
5.2338e-01,8.0100e-04
5.3141e-01,8.1478e-04
5.3957e-01,8.2878e-04
5.4785e-01,8.4300e-04
5.5626e-01,8.5746e-04
5.6480e-01,8.7214e-04
5.7347e-01,8.8707e-04
5.8227e-01,9.0224e-04
5.9121e-01,9.1765e-04
6.0028e-01,9.3333e-04
6.0949e-01,9.4926e-04
6.1885e-01,9.6545e-04
6.2835e-01,9.8192e-04
6.3799e-01,9.9866e-04
6.4778e-01,1.0157e-03
6.5773e-01,1.0330e-03
6.6782e-01,1.0506e-03
6.7807e-01,1.0685e-03
6.8848e-01,1.0867e-03
6.9905e-01,1.1053e-03
7.0978e-01,1.1241e-03
7.2067e-01,1.1433e-03
7.3173e-01,1.1629e-03
7.4296e-01,1.1827e-03
7.5437e-01,1.2030e-03
7.6595e-01,1.2236e-03
7.7770e-01,1.2446e-03
7.8964e-01,1.2659e-03
8.0176e-01,1.2877e-03
8.1407e-01,1.3098e-03
8.2656e-01,1.3324e-03
8.3925e-01,1.3553e-03
8.5213e-01,1.3788e-03
8.6521e-01,1.4026e-03
8.7849e-01,1.4269e-03
8.9197e-01,1.4517e-03
9.0566e-01,1.4770e-03
9.1956e-01,1.5027e-03
9.3368e-01,1.5290e-03
9.4801e-01,1.5558e-03
9.6256e-01,1.5831e-03
9.7733e-01,1.6110e-03
9.9233e-01,1.6395e-03
1.0076e+00,1.6685e-03
1.0230e+00,1.6982e-03
1.0387e+00,1.7285e-03
1.0547e+00,1.7594e-03
1.0709e+00,1.7909e-03
1.0873e+00,1.8232e-03
1.1040e+00,1.8562e-03
1.1209e+00,1.8899e-03
1.1381e+00,1.9243e-03
1.1556e+00,1.9595e-03
1.1733e+00,1.9956e-03
1.1914e+00,2.0324e-03
1.2096e+00,2.0701e-03
1.2282e+00,2.1087e-03
1.2471e+00,2.1483e-03
1.2662e+00,2.1888e-03
1.2856e+00,2.2303e-03
1.3054e+00,2.2728e-03
1.3254e+00,2.3164e-03
1.3457e+00,2.3611e-03
1.3664e+00,2.4070e-03
1.3874e+00,2.4541e-03
1.4087e+00,2.5025e-03
1.4303e+00,2.5521e-03
1.4522e+00,2.6032e-03
1.4745e+00,2.6557e-03
1.4972e+00,2.7097e-03
1.5201e+00,2.7653e-03
1.5435e+00,2.8226e-03
1.5672e+00,2.8815e-03
1.5912e+00,2.9424e-03
1.6157e+00,3.0051e-03
1.6404e+00,3.0699e-03
1.6656e+00,3.1368e-03
1.6912e+00,3.2061e-03
1.7172e+00,3.2777e-03
1.7435e+00,3.3518e-03
1.7703e+00,3.4287e-03
1.7974e+00,3.5085e-03
1.8250e+00,3.5914e-03
1.8530e+00,3.6776e-03
1.8815e+00,3.7674e-03
1.9104e+00,3.8610e-03
1.9397e+00,3.9587e-03
1.9695e+00,4.0609e-03
1.9997e+00,4.1679e-03
2.0304e+00,4.2803e-03
2.0615e+00,4.3984e-03
2.0932e+00,4.5228e-03
2.1253e+00,4.6542e-03
2.1579e+00,4.7933e-03
2.1911e+00,4.9410e-03
2.2247e+00,5.0983e-03
2.2588e+00,5.2663e-03
2.2935e+00,5.4463e-03
2.3287e+00,5.6401e-03
2.3644e+00,5.8494e-03
2.4007e+00,6.0766e-03
2.4376e+00,6.3244e-03
2.4750e+00,6.5961e-03
2.5130e+00,6.8956e-03
2.5516e+00,7.2279e-03
2.5907e+00,7.5989e-03
2.6305e+00,8.0159e-03
2.6709e+00,8.4878e-03
2.7119e+00,9.0258e-03
2.7535e+00,9.6432e-03
2.7957e+00,1.0356e-02
2.8387e+00,1.1185e-02
2.8822e+00,1.2151e-02
2.9265e+00,1.3278e-02
2.9714e+00,1.4589e-02
3.0170e+00,1.6098e-02
3.0633e+00,1.7800e-02
3.1103e+00,1.9651e-02
3.1581e+00,2.1550e-02
3.2065e+00,2.3326e-02
3.2557e+00,2.4758e-02
3.3057e+00,2.5632e-02
3.3565e+00,2.5833e-02
3.4080e+00,2.5395e-02
3.4603e+00,2.4479e-02
3.5134e+00,2.3300e-02
3.5673e+00,2.2047e-02
3.6221e+00,2.0851e-02
3.6777e+00,1.9788e-02
3.7341e+00,1.8887e-02
3.7914e+00,1.8151e-02
3.8496e+00,1.7570e-02
3.9087e+00,1.7129e-02
3.9687e+00,1.6811e-02
4.0296e+00,1.6601e-02
4.0915e+00,1.6483e-02
4.1543e+00,1.6446e-02
4.2180e+00,1.6481e-02
4.2828e+00,1.6580e-02
4.3485e+00,1.6736e-02
4.4153e+00,1.6945e-02
4.4830e+00,1.7202e-02
4.5518e+00,1.7504e-02
4.6217e+00,1.7849e-02
4.6926e+00,1.8235e-02
4.7647e+00,1.8662e-02
4.8378e+00,1.9129e-02
4.9121e+00,1.9635e-02
4.9875e+00,2.0181e-02
5.0640e+00,2.0768e-02
5.1417e+00,2.1396e-02
5.2207e+00,2.2065e-02
5.3008e+00,2.2779e-02
5.3821e+00,2.3538e-02
5.4648e+00,2.4344e-02
5.5486e+00,2.5200e-02
5.6338e+00,2.6108e-02
5.7203e+00,2.7070e-02
5.8081e+00,2.8091e-02
5.8972e+00,2.9172e-02
5.9877e+00,3.0319e-02
6.0796e+00,3.1535e-02
6.1730e+00,3.2825e-02
6.2677e+00,3.4194e-02
6.3639e+00,3.5648e-02
6.4616e+00,3.7192e-02
6.5608e+00,3.8835e-02
6.6615e+00,4.0582e-02
6.7637e+00,4.2444e-02
6.8675e+00,4.4429e-02
6.9729e+00,4.6547e-02
7.0800e+00,4.8811e-02
7.1886e+00,5.1234e-02
7.2990e+00,5.3831e-02
7.4110e+00,5.6618e-02
7.5247e+00,5.9615e-02
7.6402e+00,6.2843e-02
7.7575e+00,6.6328e-02
7.8766e+00,7.0099e-02
7.9975e+00,7.4190e-02
8.1202e+00,7.8640e-02
8.2449e+00,8.3496e-02
8.3714e+00,8.8813e-02
8.4999e+00,9.4658e-02
8.6304e+00,1.0111e-01
8.7628e+00,1.0827e-01
8.8973e+00,1.1625e-01
9.0339e+00,1.2522e-01
9.1726e+00,1.3536e-01
9.3133e+00,1.4691e-01
9.4563e+00,1.6021e-01
9.6014e+00,1.7567e-01
9.7488e+00,1.9387e-01
9.8984e+00,2.1559e-01
1.0050e+01,2.4188e-01
1.0205e+01,2.7417e-01
1.0361e+01,3.1430e-01
1.0520e+01,3.6447e-01
1.0682e+01,4.2658e-01
1.0846e+01,5.0067e-01
1.1012e+01,5.8222e-01
1.1181e+01,6.6022e-01
1.1353e+01,7.1989e-01
1.1527e+01,7.5180e-01
1.1704e+01,7.6162e-01
1.1884e+01,7.6774e-01
1.2066e+01,7.8837e-01
1.2251e+01,8.3374e-01
1.2439e+01,9.0637e-01
1.2630e+01,1.0037e+00
1.2824e+01,1.1207e+00
1.3021e+01,1.2526e+00
1.3221e+01,1.3962e+00
1.3424e+01,1.5509e+00
1.3630e+01,1.7179e+00
1.3839e+01,1.9000e+00
1.4051e+01,2.1002e+00
1.4267e+01,2.3172e+00
1.4486e+01,2.5262e+00
1.4708e+01,2.6263e+00
1.4934e+01,2.4690e+00
1.5163e+01,2.2094e+00
1.5396e+01,2.1118e+00
1.5632e+01,2.1518e+00
1.5872e+01,2.2222e+00
1.6116e+01,2.2513e+00
1.6363e+01,2.2065e+00
1.6614e+01,2.0934e+00
1.6869e+01,1.9478e+00
1.7128e+01,1.8113e+00
1.7391e+01,1.7108e+00
1.7658e+01,1.6553e+00
1.7929e+01,1.6425e+00
1.8204e+01,1.6641e+00
1.8484e+01,1.7086e+00
1.8768e+01,1.7632e+00
1.9056e+01,1.8148e+00
1.9348e+01,1.8515e+00
1.9645e+01,1.8645e+00
1.9947e+01,1.8504e+00
2.0253e+01,1.8113e+00
2.0564e+01,1.7545e+00
2.0879e+01,1.6897e+00
2.1200e+01,1.6262e+00
2.1525e+01,1.5708e+00
2.1856e+01,1.5278e+00
2.2191e+01,1.4990e+00
2.2532e+01,1.4846e+00
2.2877e+01,1.4842e+00
2.3229e+01,1.4964e+00
2.3585e+01,1.5201e+00
2.3947e+01,1.5538e+00
2.4315e+01,1.5963e+00
2.4688e+01,1.6461e+00
2.5067e+01,1.7021e+00
2.5452e+01,1.7630e+00
2.5842e+01,1.8279e+00
2.6239e+01,1.8956e+00
2.6642e+01,1.9653e+00
2.7051e+01,2.0362e+00
2.7466e+01,2.1074e+00
2.7887e+01,2.1784e+00
2.8315e+01,2.2485e+00
2.8750e+01,2.3171e+00
2.9191e+01,2.3837e+00
2.9639e+01,2.4478e+00
3.0094e+01,2.5090e+00
3.0556e+01,2.5666e+00
3.1025e+01,2.6203e+00
3.1501e+01,2.6697e+00
3.1985e+01,2.7141e+00
3.2476e+01,2.7533e+00
3.2974e+01,2.7869e+00
3.3480e+01,2.8144e+00
3.3994e+01,2.8355e+00
3.4516e+01,2.8500e+00
3.5046e+01,2.8578e+00
3.5584e+01,2.8586e+00
3.6130e+01,2.8525e+00
3.6684e+01,2.8396e+00
3.7248e+01,2.8200e+00
3.7819e+01,2.7939e+00
3.8400e+01,2.7619e+00
3.8989e+01,2.7243e+00
3.9588e+01,2.6815e+00
4.0195e+01,2.6343e+00
4.0812e+01,2.5831e+00
4.1439e+01,2.5285e+00
4.2075e+01,2.4713e+00
4.2720e+01,2.4119e+00
4.3376e+01,2.3510e+00
4.4042e+01,2.2891e+00
4.4718e+01,2.2267e+00
4.5404e+01,2.1641e+00
4.6101e+01,2.1019e+00
4.6809e+01,2.0402e+00
4.7527e+01,1.9795e+00
4.8257e+01,1.9199e+00
4.8997e+01,1.8617e+00
4.9749e+01,1.8049e+00
5.0513e+01,1.7498e+00
5.1288e+01,1.6963e+00
5.2076e+01,1.6445e+00
5.2875e+01,1.5945e+00
5.3686e+01,1.5463e+00
5.4510e+01,1.4998e+00
5.5347e+01,1.4551e+00
5.6197e+01,1.4121e+00
5.7059e+01,1.3708e+00
5.7935e+01,1.3311e+00
5.8824e+01,1.2930e+00
5.9727e+01,1.2564e+00
6.0644e+01,1.2213e+00
6.1575e+01,1.1877e+00
6.2520e+01,1.1554e+00
6.3479e+01,1.1244e+00
6.4454e+01,1.0947e+00
6.5443e+01,1.0662e+00
6.6447e+01,1.0388e+00
6.7467e+01,1.0125e+00
6.8503e+01,9.8732e-01
6.9554e+01,9.6310e-01
7.0622e+01,9.3983e-01
7.1706e+01,9.1748e-01
7.2806e+01,8.9600e-01
7.3924e+01,8.7535e-01
7.5059e+01,8.5549e-01
7.6211e+01,8.3638e-01
7.7380e+01,8.1800e-01
7.8568e+01,8.0030e-01
7.9774e+01,7.8327e-01
8.0999e+01,7.6686e-01
8.2242e+01,7.5105e-01
8.3504e+01,7.3581e-01
8.4786e+01,7.2112e-01
8.6087e+01,7.0695e-01
8.7408e+01,6.9329e-01
8.8750e+01,6.8011e-01
9.0112e+01,6.6739e-01
9.1495e+01,6.5511e-01
9.2900e+01,6.4325e-01
9.4326e+01,6.3180e-01
9.5773e+01,6.2073e-01
9.7243e+01,6.1004e-01
9.8736e+01,5.9971e-01
1.0025e+02,5.8973e-01
1.0179e+02,5.8008e-01
1.0335e+02,5.7074e-01
1.0494e+02,5.6172e-01
1.0655e+02,5.5299e-01
1.0819e+02,5.4455e-01
1.0985e+02,5.3638e-01
1.1153e+02,5.2848e-01
1.1324e+02,5.2084e-01
1.1498e+02,5.1345e-01
1.1675e+02,5.0629e-01
1.1854e+02,4.9937e-01
1.2036e+02,4.9267e-01
1.2221e+02,4.8619e-01
1.2408e+02,4.7993e-01
1.2599e+02,4.7386e-01
1.2792e+02,4.6800e-01
1.2988e+02,4.6233e-01
1.3188e+02,4.5684e-01
1.3390e+02,4.5154e-01
1.3596e+02,4.4642e-01
1.3804e+02,4.4146e-01
1.4016e+02,4.3668e-01
1.4231e+02,4.3205e-01
1.4450e+02,4.2759e-01
1.4671e+02,4.2328e-01
1.4897e+02,4.1913e-01
1.5125e+02,4.1512e-01
1.5357e+02,4.1126e-01
1.5593e+02,4.0754e-01
1.5833e+02,4.0395e-01
1.6076e+02,4.0050e-01
1.6322e+02,3.9719e-01
1.6573e+02,3.9400e-01
1.6827e+02,3.9094e-01
1.7085e+02,3.8801e-01
1.7348e+02,3.8520e-01
1.7614e+02,3.8251e-01
1.7884e+02,3.7993e-01
1.8159e+02,3.7748e-01
1.8438e+02,3.7513e-01
1.8721e+02,3.7290e-01
1.9008e+02,3.7079e-01
1.9300e+02,3.6877e-01
1.9596e+02,3.6687e-01
1.9897e+02,3.6508e-01
2.0202e+02,3.6338e-01
2.0512e+02,3.6180e-01
2.0827e+02,3.6031e-01
2.1147e+02,3.5892e-01
2.1471e+02,3.5764e-01
2.1801e+02,3.5645e-01
2.2135e+02,3.5536e-01
2.2475e+02,3.5437e-01
2.2820e+02,3.5347e-01
2.3170e+02,3.5267e-01
2.3526e+02,3.5196e-01
2.3887e+02,3.5134e-01
2.4254e+02,3.5082e-01
2.4626e+02,3.5039e-01
2.5004e+02,3.5005e-01
2.5388e+02,3.4980e-01
2.5777e+02,3.4964e-01
2.6173e+02,3.4957e-01
2.6575e+02,3.4959e-01
2.6983e+02,3.4970e-01
2.7397e+02,3.4990e-01
2.7817e+02,3.5019e-01
2.8244e+02,3.5056e-01
2.8678e+02,3.5103e-01
2.9118e+02,3.5158e-01
2.9565e+02,3.5222e-01
3.0019e+02,3.5294e-01
3.0479e+02,3.5375e-01
3.0947e+02,3.5465e-01
3.1422e+02,3.5564e-01
3.1905e+02,3.5671e-01
3.2394e+02,3.5787e-01
3.2892e+02,3.5912e-01
3.3396e+02,3.6045e-01
3.3909e+02,3.6187e-01
3.4429e+02,3.6338e-01
3.4958e+02,3.6498e-01
3.5494e+02,3.6666e-01
3.6039e+02,3.6843e-01
3.6592e+02,3.7029e-01
3.7154e+02,3.7224e-01
3.7724e+02,3.7427e-01
3.8303e+02,3.7640e-01
3.8891e+02,3.7861e-01
3.9488e+02,3.8092e-01
4.0094e+02,3.8331e-01
4.0710e+02,3.8580e-01
4.1335e+02,3.8837e-01
4.1969e+02,3.9104e-01
4.2613e+02,3.9380e-01
4.3267e+02,3.9665e-01
4.3931e+02,3.9959e-01
4.4606e+02,4.0263e-01
4.5290e+02,4.0576e-01
4.5985e+02,4.0898e-01
4.6691e+02,4.1230e-01
4.7408e+02,4.1572e-01
4.8136e+02,4.1923e-01
4.8874e+02,4.2284e-01
4.9625e+02,4.2655e-01
5.0386e+02,4.3036e-01
5.1160e+02,4.3426e-01
5.1945e+02,4.3827e-01
5.2742e+02,4.4238e-01
5.3552e+02,4.4658e-01
5.4374e+02,4.5090e-01
5.5208e+02,4.5531e-01
5.6056e+02,4.5983e-01
5.6916e+02,4.6445e-01
5.7790e+02,4.6918e-01
5.8677e+02,4.7402e-01
5.9577e+02,4.7897e-01
6.0492e+02,4.8402e-01
6.1420e+02,4.8919e-01
6.2363e+02,4.9447e-01
6.3320e+02,4.9985e-01
6.4292e+02,5.0536e-01
6.5279e+02,5.1097e-01
6.6281e+02,5.1671e-01
6.7298e+02,5.2255e-01
6.8331e+02,5.2852e-01
6.9380e+02,5.3461e-01
7.0445e+02,5.4081e-01
7.1526e+02,5.4714e-01
7.2624e+02,5.5359e-01
7.3738e+02,5.6017e-01
7.4870e+02,5.6687e-01
7.6019e+02,5.7369e-01
7.7186e+02,5.8065e-01
7.8371e+02,5.8773e-01
7.9574e+02,5.9495e-01
8.0795e+02,6.0230e-01
8.2035e+02,6.0978e-01
8.3295e+02,6.1739e-01
8.4573e+02,6.2514e-01
8.5871e+02,6.3303e-01
8.7189e+02,6.4106e-01
8.8527e+02,6.4923e-01
8.9886e+02,6.5755e-01
9.1266e+02,6.6600e-01
9.2667e+02,6.7461e-01
9.4089e+02,6.8336e-01
9.5533e+02,6.9225e-01
9.6999e+02,7.0130e-01
9.8488e+02,7.1050e-01
1.0000e+03,7.1986e-01